100
6674
4961
13144
7827
4317
7480
15502
1122
14845
14231
4280
5254
13983
6811
6020
2689
19395
11107
7150
14036
824
18282
18962
1836
13295
12829
15476
2734
14311
14533
11392
14100
2183
1239
15975
7754
1793
17761
2937
12208
3632
184
17038
11361
19704
7564
7495
19111
15723
15476
19320
1374
9721
2680
13900
10138
3289
8908
9143
13861
15632
13931
8939
19825
7821
16176
17100
16442
5258
9354
12221
16129
3913
5844
11641
5389
5513
8380
19772
14667
6556
12459
13673
18049
399
9138
10261
5500
7653
3453
8181
16804
1007
4733
18569
6938
3918
13188
12438
10015