1000
16792
10079
10146
12004
16554
14176
11425
3799
3367
6771
4778
6716
8568
4765
12175
14389
5440
3709
18251
317
15530
9842
19810
7430
18056
15943
989
7377
17375
13432
15042
8181
15702
14667
14405
9468
8307
2296
17400
12534
17383
19671
17037
4866
11599
15389
8716
7591
17360
3439
1164
17770
10323
16936
14595
7261
15317
14302
2789
6127
14954
7679
18879
12690
10080
4846
13330
6623
12231
12629
10315
9887
8651
8917
5710
14105
16140
18073
13726
7505
15643
7349
5368
3592
11518
6379
13367
10391
11129
16430
4872
17882
14892
7372
3169
10546
11902
13816
16724
2105
6334
1914
7390
1520
19284
8964
16588
609
2657
19930
2448
18267
1486
16797
19895
19662
1560
16068
15934
19532
12343
2710
17634
19938
11931
18184
17879
16799
3060
2429
13755
9035
1422
11204
2940
18099
15557
3616
12826
12316
1019
5747
2191
6594
9910
11079
13584
5811
16688
14854
19938
7118
14704
9901
8583
17808
12340
1158
219
2640
2867
4351
15201
7647
518
8851
10943
7078
16262
17323
9611
5603
14874
7960
11297
17588
27
6392
14243
4122
6798
2308
19684
14991
14935
308
11736
17991
11974
13493
19115
6881
6082
7135
16971
12083
13938
19333
13706
10363
19570
16748
4287
17888
13742
1266
5671
13492
13153
1469
10514
18586
13076
13334
3889
17489
10635
7235
6221
439
713
13606
14741
11987
18294
7516
3645
17536
3266
9279
821
6497
6173
12349
7487
10775
16948
17685
16431
14889
6027
14200
1796
10381
10861
9995
9731
11568
2423
18164
182
13644
16817
10287
9689
18958
3267
5533
17346
4439
14091
13515
2283
4830
3507
6985
14206
15327
2285
19988
15115
17707
14078
12138
4134
8867
13907
864
6646
15612
8048
14265
12697
13750
19946
17667
6510
16071
13485
14761
2116
19970
7998
11777
11845
7783
16412
10353
17239
19263
412
14239
8606
3160
9825
2167
3015
16453
11726
7869
8155
11820
6671
12177
10803
14973
4370
2117
1717
8930
13397
6180
13547
13695
5474
232
19793
11339
10398
1194
16686
10928
19063
10189
2982
7298
18936
5186
18650
7057
13418
8851
3910
4410
1091
4088
12131
11887
17200
9044
6525
17480
10616
2564
5449
4761
10796
11517
16643
8146
11379
16983
9590
17026
11024
14357
19195
13324
3343
10904
2738
12082
8696
10667
4100
10473
11422
7930
1232
8420
10522
16763
11507
1767
8249
19157
1268
16236
14800
13400
10566
17230
6587
15332
16335
1262
8564
5912
5279
14726
19965
5520
6571
12493
14536
15347
2924
19490
3652
13151
5133
17451
3161
1450
18912
19918
12521
7407
9304
8435
1438
8335
18177
6459
8658
3958
3369
6253
5541
7524
6163
15825
6073
4203
16847
1934
13059
691
618
16646
2857
10156
1147
5570
12154
7000
8885
6302
1378
18684
5158
7055
13539
1909
2427
8340
6847
8999
3540
19641
14521
11442
7740
15584
13079
2644
15535
11536
15335
13313
13796
3189
1326
10533
13077
2290
13176
18254
3295
9432
15119
9436
2210
13102
12690
18052
16170
16666
17674
18017
19646
15252
11365
19333
8365
16004
2723
9337
287
10084
15295
15844
3005
8971
10394
2596
13837
862
3802
17920
5990
4370
10398
17496
17484
1415
3757
13323
8125
19289
15143
72
1018
1869
14058
16937
18005
1030
5515
7300
19497
3846
15555
7318
13843
19659
1830
13633
11096
9180
4336
9071
6493
10864
17506
7352
13991
7354
6006
19718
293
9630
9052
9887
15927
4243
11753
2488
13896
17707
17922
18211
6715
16043
498
2264
11107
4279
4413
11329
13987
13853
2755
13756
2929
3482
4514
6840
15482
2070
8815
5476
6143
18104
1066
4415
2580
5979
3135
13751
9141
15426
8144
4677
15222
4607
18549
14326
8903
14657
12783
14041
11459
15096
10195
4243
13393
10685
15322
17569
4309
15037
11067
17355
6374
9182
10979
17538
15168
12728
8070
4241
513
18452
4014
8407
869
6049
10073
10267
19307
13181
18326
1017
18688
9986
2858
5103
5267
2369
14830
12612
4395
124
13601
17703
3236
508
9734
14194
15500
4839
18532
19281
2756
5104
3840
17411
3579
18160
16583
19710
17867
5463
8038
2027
11161
19416
6929
4985
1837
17663
13070
6823
4903
7954
19034
2357
13711
6984
9406
13104
10340
13285
5975
19819
12166
2086
10415
17748
9388
10968
8195
869
1640
11032
6044
929
18427
12432
17053
768
18301
7914
16190
1420
8463
6247
17407
5617
2097
7857
11224
11992
4734
11194
15026
18950
6722
9977
79
16721
897
8432
2786
17714
1929
14236
8966
18657
6366
17871
2950
11704
6164
7111
14790
19907
13499
3763
4039
14454
5404
13825
4491
3608
1309
1152
18965
18218
3280
8362
14880
18284
6387
1473
4039
19696
11996
12485
17845
6436
2362
12497
16338
3573
15879
8290
7151
7872
12556
3790
16010
16350
17598
18920
5204
16672
3209
18355
12245
13095
8143
3720
16279
1899
1001
6618
807
7226
4967
11597
7389
1112
4791
13558
17709
18656
10057
5518
19903
6674
6610
16903
9900
5421
12405
2835
6362
19868
1127
18603
6614
7696
19377
1323
7315
18306
275
17007
2749
7693
16326
5312
9259
14119
17120
5978
19687
5478
12039
8916
11694
8488
3467
7437
7641
8318
14427
16802
16391
804
6991
5287
13905
11752
13309
212
5568
17487
8514
18596
15363
9648
17609
16275
4856
3037
10546
10293
14443
3906
4032
14189
11361
5957
1565
9760
1978
12412
2695
1836
9520
12314
5728
13765
11784
10254
8670
19079
18140
13979
5326
7283
8645
17739
19726
15910
52
7215
1690
16348
9990
8218
314
6374
15217
19722
10166
19296
9336
8979
6928
19027
18681
19875
13298
19301
3873
18310
3913
3906
5747
18225
18494
9252
6328
3766
16787
4500
16115
10876
9263
17607
14669
5277
14551
733
8371
15033
4538
15777
4691
18050
14718
9868
18910
6381
10199
2721
2505
18888
8797
1499
11579
12348
6138
204
5375
13657
11128
8283
9321
9093
9091
10606
15378
2011
16084
4627
18765
15405
9762
951
15957
5949
12244
13863
4216
6761
6335
15942
3225
1314
16342
16321
13449
1327
9110
6435
17571
7881
9384
2706
19392
718
5368
9522
11407
19454
731
17649
2959
13815
12331
13334
16340
2279
458
2160