100
851
972
1162
1277
1333
1338
1452
1616
1732
1870
2006
2072
2187
2230
2348
2461
2557
2743
2779
2948
2967
3060
3122
3235
3321
3431
3470
3591
3618
3726
3793
3876
4016
4050
4166
4250
4367
4428
4458
4543
4738
4765
4904
4979
4998
5082
5222
5299
5444
5564
5698
5742
5772
5882
6021
6139
6155
6221
6382
6495
6634
6763
6887
6963
7076
7187
7324
7426
7545
7640
7826
7991
8068
8141
8234
8312
8319
8352
8497
8645
8791
8956
8976
9060
9224
9384
9417
9510
9625
9668
9809
9935
9987
10172
10259
10453
10646
10824
11012
11133