100
19667
19660
19643
19637
19624
19614
19605
19597
19592
19573
19562
19545
19540
19521
19512
19501
19500
19484
19481
19466
19450
19434
19422
19417
19411
19408
19399
19393
19387
19373
19359
19340
19334
19320
19311
19300
19293
19288
19284
19267
19257
19252
19239
19226
19218
19198
19191
19178
19176
19171
19152
19145
19142
19138
19125
19111
19094
19087
19068
19058
19049
19030
19015
19013
19002
18986
18969
18958
18948
18943
18940
18933
18928
18912
18892
18875
18868
18857
18837
18826
18814
18810
18793
18788
18770
18765
18745
18731
18718
18706
18695
18685
18673
18656
18651
18631
18618
18601
18590
18584